[gd_scene load_steps=51 format=3 uid="uid://br0debc663st4"]

[ext_resource type="Script" path="res://scripts/Level.gd" id="1_vnx84"]
[ext_resource type="Texture2D" uid="uid://06mgarag2ioi" path="res://assets/art/tREE.png" id="2_lrr0f"]
[ext_resource type="Material" uid="uid://c5pv64p0w87cc" path="res://Nature/fairwaymaterial.tres" id="3_lkics"]
[ext_resource type="Script" path="res://scripts/CameraFollow.gd" id="4_ng8yq"]
[ext_resource type="Texture2D" uid="uid://6o310add8stb" path="res://assets/art/DuPond.png" id="4_p6ibo"]
[ext_resource type="PackedScene" uid="uid://dnsxx58dsnroo" path="res://player.tscn" id="5_e0upe"]
[ext_resource type="PackedScene" uid="uid://c4tpklaj4lxdw" path="res://Nature/sand_trap.tscn" id="8_2b8lq"]
[ext_resource type="Script" path="res://scripts/Golfer Manager.gd" id="8_50dkh"]
[ext_resource type="PackedScene" uid="uid://cyttdvi22ldke" path="res://Nature/grass_1.tscn" id="9_huojr"]
[ext_resource type="Texture2D" uid="uid://byid2ls8a7d2s" path="res://assets/art/WhiteSand3.png" id="9_v8wuw"]
[ext_resource type="PackedScene" uid="uid://2k0upaes1sfl" path="res://Nature/grass_2.tscn" id="10_62njo"]
[ext_resource type="PackedScene" uid="uid://di1owwkkgymqg" path="res://Nature/grass_3.tscn" id="11_s4tt8"]
[ext_resource type="PackedScene" uid="uid://d2hi3eydpmrfg" path="res://Balls/Golfers/first_golfer.tscn" id="12_1do1j"]
[ext_resource type="PackedScene" uid="uid://f1wp38vgf3jl" path="res://Nature/corndogs.tscn" id="12_5n3vi"]
[ext_resource type="Texture2D" uid="uid://d32es4lnucncx" path="res://assets/art/Tee_off_unpressed.png" id="13_gj8v1"]
[ext_resource type="Texture2D" uid="uid://8yhrx1qydbhy" path="res://assets/art/Tee_off_pressed.png" id="14_sronu"]
[ext_resource type="PackedScene" path="res://Nature/cute_boat.tscn" id="15_2pi26"]
[ext_resource type="Texture2D" uid="uid://c4kw3jubooo8i" path="res://assets/art/DuPond2.png" id="17_24rni"]
[ext_resource type="FontFile" uid="uid://dmsm6iw3tred5" path="res://assets/fonts/Comicy.ttf" id="18_5osjb"]
[ext_resource type="PackedScene" uid="uid://ckoml76si5584" path="res://audience_member.tscn" id="19_j34bq"]
[ext_resource type="Script" path="res://scripts/Title.gd" id="19_ryomo"]
[ext_resource type="Script" path="res://scripts/AudienceManager.gd" id="21_s30mm"]

[sub_resource type="ProceduralSkyMaterial" id="ProceduralSkyMaterial_76u55"]
sky_horizon_color = Color(0.64625, 0.65575, 0.67075, 1)
sky_energy_multiplier = 4.3
ground_horizon_color = Color(0.64625, 0.65575, 0.67075, 1)

[sub_resource type="Sky" id="Sky_honci"]
sky_material = SubResource("ProceduralSkyMaterial_76u55")

[sub_resource type="Environment" id="Environment_pmrkg"]
background_mode = 2
sky = SubResource("Sky_honci")
ambient_light_color = Color(1, 1, 0.862745, 1)
ambient_light_sky_contribution = 0.0
tonemap_mode = 2
tonemap_exposure = 0.7
adjustment_enabled = true

[sub_resource type="CylinderShape3D" id="CylinderShape3D_x2hxb"]
height = 0.5
radius = 100.0

[sub_resource type="StandardMaterial3D" id="StandardMaterial3D_v4w8m"]
albedo_color = Color(0.230469, 0.617188, 0.410156, 1)

[sub_resource type="CylinderMesh" id="CylinderMesh_msqat"]
material = SubResource("StandardMaterial3D_v4w8m")
top_radius = 1000.0
bottom_radius = 100.0
height = 4.0

[sub_resource type="StandardMaterial3D" id="StandardMaterial3D_gkg44"]
albedo_color = Color(0, 0.301961, 0, 1)

[sub_resource type="StandardMaterial3D" id="StandardMaterial3D_3oy38"]
albedo_color = Color(0, 0.886275, 0.309804, 1)

[sub_resource type="CylinderMesh" id="CylinderMesh_5bouf"]
material = SubResource("StandardMaterial3D_3oy38")
top_radius = 75.545
height = 0.001
cap_bottom = false

[sub_resource type="StandardMaterial3D" id="StandardMaterial3D_tltpt"]
albedo_color = Color(0.0196078, 0.462745, 0.639216, 1)

[sub_resource type="CylinderMesh" id="CylinderMesh_oepgq"]
material = SubResource("StandardMaterial3D_tltpt")
top_radius = 10.0
bottom_radius = 10.0
height = 0.001
radial_segments = 32
cap_bottom = false

[sub_resource type="CylinderShape3D" id="CylinderShape3D_3pbrs"]
radius = 8.5

[sub_resource type="CylinderShape3D" id="CylinderShape3D_ywvkx"]
radius = 7.0

[sub_resource type="CylinderShape3D" id="CylinderShape3D_7ofwv"]
radius = 3.0

[sub_resource type="CylinderShape3D" id="CylinderShape3D_4bw71"]
radius = 9.0

[sub_resource type="CylinderShape3D" id="CylinderShape3D_u3p1e"]
radius = 4.0

[sub_resource type="CylinderShape3D" id="CylinderShape3D_p6ock"]
radius = 9.0

[sub_resource type="CylinderShape3D" id="CylinderShape3D_qnwdy"]
radius = 3.5

[sub_resource type="BoxShape3D" id="BoxShape3D_duv4t"]
size = Vector3(10, 10, 1)

[sub_resource type="StandardMaterial3D" id="StandardMaterial3D_yt6a6"]
render_priority = -1
transparency = 1
albedo_color = Color(1, 1, 0.380392, 1)
albedo_texture = ExtResource("9_v8wuw")

[sub_resource type="QuadMesh" id="QuadMesh_devqq"]
material = SubResource("StandardMaterial3D_yt6a6")
size = Vector2(2.5, 2)
center_offset = Vector3(2.08165e-12, 0.02, 2.08165e-12)
orientation = 1

[sub_resource type="StandardMaterial3D" id="StandardMaterial3D_hi8xv"]
render_priority = -1
transparency = 1
albedo_color = Color(1, 1, 0.380392, 1)
albedo_texture = ExtResource("9_v8wuw")

[sub_resource type="QuadMesh" id="QuadMesh_vhng7"]
material = SubResource("StandardMaterial3D_hi8xv")
size = Vector2(2.5, 2.5)
orientation = 1

[sub_resource type="StandardMaterial3D" id="StandardMaterial3D_5miwo"]
render_priority = -1
transparency = 1
albedo_color = Color(1, 1, 0.380392, 1)
albedo_texture = ExtResource("9_v8wuw")

[sub_resource type="QuadMesh" id="QuadMesh_gchir"]
material = SubResource("StandardMaterial3D_5miwo")
size = Vector2(2.4, 3.4)
orientation = 1

[sub_resource type="SpriteFrames" id="SpriteFrames_jtey4"]
animations = [{
"frames": [{
"duration": 1.0,
"texture": ExtResource("17_24rni")
}, {
"duration": 1.0,
"texture": ExtResource("4_p6ibo")
}],
"loop": true,
"name": &"default",
"speed": 2.0
}]

[sub_resource type="SpriteFrames" id="SpriteFrames_nkegh"]
animations = [{
"frames": [{
"duration": 1.0,
"texture": ExtResource("17_24rni")
}, {
"duration": 1.0,
"texture": ExtResource("4_p6ibo")
}],
"loop": true,
"name": &"default",
"speed": 2.0
}]

[sub_resource type="SpriteFrames" id="SpriteFrames_dhcpf"]
animations = [{
"frames": [{
"duration": 1.0,
"texture": ExtResource("17_24rni")
}, {
"duration": 1.0,
"texture": ExtResource("4_p6ibo")
}],
"loop": true,
"name": &"default",
"speed": 2.0
}]

[node name="World2" type="Node3D" groups=["LevelRoot"]]
script = ExtResource("1_vnx84")
NextLevel = "res://game.tscn"
MainMenu = "res://ui/main_menu.tscn"
ScoreScene = "res://ui/Scoreboard/Scoreboard.tscn"

[node name="WorldEnvironment" type="WorldEnvironment" parent="."]
environment = SubResource("Environment_pmrkg")

[node name="Trees" type="Node" parent="."]

[node name="Tree" type="Sprite3D" parent="Trees"]
transform = Transform3D(1, 0, 0, 0, 1, 0, 0, 0, 1, 5.45592, 4.24201, -31.1827)
visible = false
pixel_size = 0.1
billboard = 2
texture = ExtResource("2_lrr0f")

[node name="Tree3" type="Sprite3D" parent="Trees"]
transform = Transform3D(1, 0, 0, 0, 1, 0, 0, 0, 1, 21.9496, 4.24201, -21.9737)
visible = false
pixel_size = 0.1
billboard = 2
texture = ExtResource("2_lrr0f")

[node name="Tree4" type="Sprite3D" parent="Trees"]
transform = Transform3D(1, 0, 0, 0, 1, 0, 0, 0, 1, -7.05038, 4.24201, -36.9737)
visible = false
pixel_size = 0.1
billboard = 2
texture = ExtResource("2_lrr0f")

[node name="Tree5" type="Sprite3D" parent="Trees"]
transform = Transform3D(1, 0, 0, 0, 1, 0, 0, 0, 1, 15.6646, 4.24201, -32.8633)
visible = false
pixel_size = 0.1
billboard = 2
texture = ExtResource("2_lrr0f")

[node name="Tree6" type="Sprite3D" parent="Trees"]
transform = Transform3D(1, 0, 0, 0, 1, 0, 0, 0, 1, -22.3354, 4.24201, -23.8633)
visible = false
pixel_size = 0.1
billboard = 2
texture = ExtResource("2_lrr0f")

[node name="Tree7" type="Sprite3D" parent="Trees"]
transform = Transform3D(1, 0, 0, 0, 1, 0, 0, 0, 1, -22.8262, 4.24201, -30.862)
visible = false
pixel_size = 0.1
billboard = 2
texture = ExtResource("2_lrr0f")

[node name="Tree2" type="Sprite3D" parent="Trees"]
transform = Transform3D(1, 0, 0, 0, 1, 0, 0, 0, 1, -13.5962, 4.242, -28.9947)
visible = false
pixel_size = 0.1
billboard = 2
texture = ExtResource("2_lrr0f")

[node name="Floor" type="StaticBody3D" parent="."]
collision_mask = 0
metadata/_edit_lock_ = true

[node name="CollisionShape3D" type="CollisionShape3D" parent="Floor"]
transform = Transform3D(1, 0, 0, 0, 1, 0, 0, 0, 1, 0, -0.25, 0)
shape = SubResource("CylinderShape3D_x2hxb")
metadata/_edit_lock_ = true

[node name="background" type="MeshInstance3D" parent="Floor"]
transform = Transform3D(1, 0, 0, 0, 1, 0, 0, 0, 1, 0, -2.05, 0)
mesh = SubResource("CylinderMesh_msqat")
skeleton = NodePath("")
surface_material_override/0 = SubResource("StandardMaterial3D_gkg44")
metadata/_edit_lock_ = true

[node name="fairway" type="MeshInstance3D" parent="Floor"]
transform = Transform3D(1, 0, 0, 0, 1, 0, 0, 0, 1, 0, -0.02, 0)
mesh = SubResource("CylinderMesh_5bouf")
skeleton = NodePath("")
surface_material_override/0 = ExtResource("3_lkics")
metadata/_edit_lock_ = true

[node name="water" type="MeshInstance3D" parent="Floor"]
transform = Transform3D(1, -3.48787e-16, 3.48787e-16, 3.48787e-16, 1, -3.48787e-16, -3.48787e-16, 3.48787e-16, 1, -12, 2.08165e-12, -12)
visible = false
mesh = SubResource("CylinderMesh_oepgq")
metadata/_edit_lock_ = true

[node name="water2" type="MeshInstance3D" parent="Floor"]
transform = Transform3D(1, -3.48787e-16, 3.48787e-16, 3.48787e-16, 1, -3.48787e-16, -3.48787e-16, 3.48787e-16, 1, -53, 2.08165e-12, 18)
visible = false
mesh = SubResource("CylinderMesh_oepgq")
metadata/_edit_lock_ = true

[node name="water3" type="MeshInstance3D" parent="Floor"]
transform = Transform3D(1, -3.48787e-16, 3.48787e-16, 3.48787e-16, 1, -3.48787e-16, -3.48787e-16, 3.48787e-16, 1, 35, 2.08165e-12, 47)
visible = false
mesh = SubResource("CylinderMesh_oepgq")
metadata/_edit_lock_ = true

[node name="water4" type="MeshInstance3D" parent="Floor"]
transform = Transform3D(1, -3.48787e-16, 3.48787e-16, 3.48787e-16, 1, -3.48787e-16, -3.48787e-16, 3.48787e-16, 1, 40, 2.08165e-12, 40)
visible = false
mesh = SubResource("CylinderMesh_oepgq")
metadata/_edit_lock_ = true

[node name="WaterColliders" type="StaticBody3D" parent="." groups=["water"]]
transform = Transform3D(1, -3.48787e-16, 3.48787e-16, 3.48787e-16, 1, -3.48787e-16, -3.48787e-16, 3.48787e-16, 1, 2.08165e-12, 2.08165e-12, 2.08165e-12)
collision_layer = 33

[node name="CollisionShape3D49" type="CollisionShape3D" parent="WaterColliders"]
transform = Transform3D(1, -1.21652e-31, 0, -1.21652e-31, 1, 0, 0, 0, 1, -11.589, 0.2, -12.7135)
shape = SubResource("CylinderShape3D_3pbrs")

[node name="CollisionShape3D53" type="CollisionShape3D" parent="WaterColliders"]
transform = Transform3D(1, -1.21652e-31, 0, -1.21652e-31, 1, 0, 0, 0, 1, -13.7327, 0.2, -9.05383)
shape = SubResource("CylinderShape3D_ywvkx")

[node name="CollisionShape3D54" type="CollisionShape3D" parent="WaterColliders"]
transform = Transform3D(1, -1.21652e-31, 0, -1.21652e-31, 1, 0, 0, 0, 1, -18.4786, 0.2, -14.8512)
shape = SubResource("CylinderShape3D_7ofwv")

[node name="CollisionShape3D55" type="CollisionShape3D" parent="WaterColliders"]
transform = Transform3D(1, -1.21652e-31, 0, -1.21652e-31, 1, 0, 0, 0, 1, -4.81677, 0.2, -13.2136)
shape = SubResource("CylinderShape3D_7ofwv")

[node name="CollisionShape3D50" type="CollisionShape3D" parent="WaterColliders"]
transform = Transform3D(1, -1.21652e-31, 0, -1.21652e-31, 1, 0, 0, 0, 1, -52.4748, 0.2, 16.8813)
shape = SubResource("CylinderShape3D_3pbrs")

[node name="CollisionShape3D56" type="CollisionShape3D" parent="WaterColliders"]
transform = Transform3D(1, -1.21652e-31, 0, -1.21652e-31, 1, 0, 0, 0, 1, -54.6185, 0.2, 20.541)
shape = SubResource("CylinderShape3D_ywvkx")

[node name="CollisionShape3D57" type="CollisionShape3D" parent="WaterColliders"]
transform = Transform3D(1, -1.21652e-31, 0, -1.21652e-31, 1, 0, 0, 0, 1, -59.3644, 0.2, 14.7436)
shape = SubResource("CylinderShape3D_7ofwv")

[node name="CollisionShape3D58" type="CollisionShape3D" parent="WaterColliders"]
transform = Transform3D(1, -1.21652e-31, 0, -1.21652e-31, 1, 0, 0, 0, 1, -45.7026, 0.2, 16.3812)
shape = SubResource("CylinderShape3D_7ofwv")

[node name="CollisionShape3D51" type="CollisionShape3D" parent="WaterColliders"]
transform = Transform3D(1, -1.21652e-31, 0, -1.21652e-31, 1, 0, 0, 0, 1, 38.0739, 0.2, 46.152)
shape = SubResource("CylinderShape3D_4bw71")

[node name="CollisionShape3D60" type="CollisionShape3D" parent="WaterColliders"]
transform = Transform3D(1, -1.21652e-31, 0, -1.21652e-31, 1, 0, 0, 0, 1, 28.7475, 0.2, 47.1804)
shape = SubResource("CylinderShape3D_u3p1e")

[node name="CollisionShape3D61" type="CollisionShape3D" parent="WaterColliders"]
transform = Transform3D(1, -1.21652e-31, 0, -1.21652e-31, 1, 0, 0, 0, 1, 32.6692, 0.2, 51.7523)
shape = SubResource("CylinderShape3D_u3p1e")

[node name="CollisionShape3D52" type="CollisionShape3D" parent="WaterColliders"]
transform = Transform3D(1, -1.21652e-31, 0, -1.21652e-31, 1, 0, 0, 0, 1, 37.354, 0.199999, 41.033)
shape = SubResource("CylinderShape3D_p6ock")

[node name="CollisionShape3D59" type="CollisionShape3D" parent="WaterColliders"]
transform = Transform3D(1, -1.21652e-31, 0, -1.21652e-31, 1, 0, 0, 0, 1, 45.3517, 0.2, 35.0718)
shape = SubResource("CylinderShape3D_qnwdy")

[node name="CollisionShape3D62" type="CollisionShape3D" parent="WaterColliders"]
transform = Transform3D(1, -1.21652e-31, 0, -1.21652e-31, 1, 0, 0, 0, 1, 43.6872, 0.2, 42.2958)
shape = SubResource("CylinderShape3D_qnwdy")

[node name="CollisionShape3D63" type="CollisionShape3D" parent="WaterColliders"]
transform = Transform3D(1, -1.21652e-31, 0, -1.21652e-31, 1, 0, 0, 0, 1, 30.9115, 0.2, 39.6767)
shape = SubResource("CylinderShape3D_qnwdy")

[node name="CollisionShape3D64" type="CollisionShape3D" parent="WaterColliders"]
transform = Transform3D(1, -1.21652e-31, 0, -1.21652e-31, 1, 0, 0, 0, 1, 35.3547, 0.2, 53.0056)
shape = SubResource("CylinderShape3D_qnwdy")

[node name="CollisionShape3D65" type="CollisionShape3D" parent="WaterColliders"]
transform = Transform3D(1, -1.21652e-31, 0, -1.21652e-31, 1, 0, 0, 0, 1, 27.6772, 0.2, 47.8435)
shape = SubResource("CylinderShape3D_qnwdy")

[node name="EdgeColliders" type="StaticBody3D" parent="."]
collision_layer = 256

[node name="CollisionShape3D" type="CollisionShape3D" parent="EdgeColliders"]
transform = Transform3D(1, 0, 0, 0, 1, 0, 0, 0, 1, 2.08165e-12, 4, -75.1582)
shape = SubResource("BoxShape3D_duv4t")

[node name="CollisionShape3D2" type="CollisionShape3D" parent="EdgeColliders"]
transform = Transform3D(0.991919, 0, 0.126874, 0, 1, 0, -0.126874, 0, 0.991919, -9.93875, 4, -74.6113)
shape = SubResource("BoxShape3D_duv4t")

[node name="CollisionShape3D3" type="CollisionShape3D" parent="EdgeColliders"]
transform = Transform3D(0.963761, 0, 0.266767, 0, 1, 0, -0.266767, 0, 0.963761, -19.7009, 4, -72.7351)
shape = SubResource("BoxShape3D_duv4t")

[node name="CollisionShape3D4" type="CollisionShape3D" parent="EdgeColliders"]
transform = Transform3D(0.92846, 0, 0.371433, 0, 1, 0, -0.371433, 0, 0.92846, -29.2107, 4, -69.562)
shape = SubResource("BoxShape3D_duv4t")

[node name="CollisionShape3D5" type="CollisionShape3D" parent="EdgeColliders"]
transform = Transform3D(0.851196, 0, 0.524848, 0, 1, 0, -0.524848, 0, 0.851196, -38.2457, 4, -65.0734)
shape = SubResource("BoxShape3D_duv4t")

[node name="CollisionShape3D6" type="CollisionShape3D" parent="EdgeColliders"]
transform = Transform3D(0.80071, 0, 0.599052, 0, 1, 0, -0.599052, 0, 0.80071, -46.5336, 4, -59.4699)
shape = SubResource("BoxShape3D_duv4t")

[node name="CollisionShape3D7" type="CollisionShape3D" parent="EdgeColliders"]
transform = Transform3D(0.723991, 0, 0.689809, 0, 1, 0, -0.689809, 0, 0.723991, -54.1928, 4, -53.0321)
shape = SubResource("BoxShape3D_duv4t")

[node name="CollisionShape3D8" type="CollisionShape3D" parent="EdgeColliders"]
transform = Transform3D(0.616294, 0, 0.787516, 0, 1, 0, -0.787516, 0, 0.616294, -60.8214, 4, -45.478)
shape = SubResource("BoxShape3D_duv4t")

[node name="CollisionShape3D9" type="CollisionShape3D" parent="EdgeColliders"]
transform = Transform3D(0.474042, 0, 0.880502, 0, 1, 0, -0.880502, 0, 0.474042, -66.1891, 4, -37.0844)
shape = SubResource("BoxShape3D_duv4t")

[node name="CollisionShape3D10" type="CollisionShape3D" parent="EdgeColliders"]
transform = Transform3D(0.373878, 0, 0.927478, 0, 1, 0, -0.927478, 0, 0.373878, -70.4603, 4, -28.0997)
shape = SubResource("BoxShape3D_duv4t")

[node name="CollisionShape3D11" type="CollisionShape3D" parent="EdgeColliders"]
transform = Transform3D(0.240634, 0, 0.970616, 0, 1, 0, -0.970616, 0, 0.240634, -73.5321, 4, -18.6132)
shape = SubResource("BoxShape3D_duv4t")

[node name="CollisionShape3D12" type="CollisionShape3D" parent="EdgeColliders"]
transform = Transform3D(0.103331, 0, 0.994647, 0, 1, 0, -0.994647, 0, 0.103331, -75.2539, 4, -8.92712)
shape = SubResource("BoxShape3D_duv4t")

[node name="CollisionShape3D13" type="CollisionShape3D" parent="EdgeColliders"]
transform = Transform3D(-0.00797626, 0, 0.999968, 0, 1, 0, -0.999968, 0, -0.00797623, -75.7729, 4, 0.893588)
shape = SubResource("BoxShape3D_duv4t")

[node name="CollisionShape3D14" type="CollisionShape3D" parent="EdgeColliders"]
transform = Transform3D(-0.141886, 0, 0.989883, 0, 1, 0, -0.989883, 0, -0.141886, -74.9841, 4, 10.803)
shape = SubResource("BoxShape3D_duv4t")

[node name="CollisionShape3D15" type="CollisionShape3D" parent="EdgeColliders"]
transform = Transform3D(-0.300007, 0, 0.953937, 0, 1, 0, -0.953937, 0, -0.300007, -72.8777, 4, 20.566)
shape = SubResource("BoxShape3D_duv4t")

[node name="CollisionShape3D16" type="CollisionShape3D" parent="EdgeColliders"]
transform = Transform3D(-0.382264, 0, 0.924053, 0, 1, 0, -0.924053, 0, -0.382264, -69.5042, 4, 30.0339)
shape = SubResource("BoxShape3D_duv4t")

[node name="CollisionShape3D17" type="CollisionShape3D" parent="EdgeColliders"]
transform = Transform3D(-0.513766, 0, 0.85793, 0, 1, 0, -0.85793, 0, -0.513766, -64.9904, 4, 38.9549)
shape = SubResource("BoxShape3D_duv4t")

[node name="CollisionShape3D18" type="CollisionShape3D" parent="EdgeColliders"]
transform = Transform3D(-0.621504, 0, 0.783411, 0, 1, 0, -0.783411, 0, -0.621503, -59.2465, 4, 47.2217)
shape = SubResource("BoxShape3D_duv4t")

[node name="CollisionShape3D19" type="CollisionShape3D" parent="EdgeColliders"]
transform = Transform3D(-0.72812, 0, 0.68545, 0, 1, 0, -0.68545, 0, -0.72812, -52.5375, 4, 54.6587)
shape = SubResource("BoxShape3D_duv4t")

[node name="CollisionShape3D20" type="CollisionShape3D" parent="EdgeColliders"]
transform = Transform3D(-0.799444, 0, 0.600741, 0, 1, 0, -0.600741, 0, -0.799444, -44.8934, 4, 61.1125)
shape = SubResource("BoxShape3D_duv4t")

[node name="CollisionShape3D21" type="CollisionShape3D" parent="EdgeColliders"]
transform = Transform3D(-0.872743, 0, 0.48818, 0, 1, 0, -0.488179, 0, -0.872743, -36.4015, 4, 66.5166)
shape = SubResource("BoxShape3D_duv4t")

[node name="CollisionShape3D22" type="CollisionShape3D" parent="EdgeColliders"]
transform = Transform3D(-0.932576, 0, 0.360974, 0, 1, 0, -0.360973, 0, -0.932576, -27.2809, 4, 70.6851)
shape = SubResource("BoxShape3D_duv4t")

[node name="CollisionShape3D23" type="CollisionShape3D" parent="EdgeColliders"]
transform = Transform3D(-0.976979, 0, 0.213337, 0, 1, 0, -0.213337, 0, -0.976979, -17.6928, 4, 73.5695)
shape = SubResource("BoxShape3D_duv4t")

[node name="CollisionShape3D24" type="CollisionShape3D" parent="EdgeColliders"]
transform = Transform3D(-0.991223, 0, 0.132204, 0, 1, 0, -0.132204, 0, -0.991223, -7.83511, 4, 75.2999)
shape = SubResource("BoxShape3D_duv4t")

[node name="CollisionShape3D25" type="CollisionShape3D" parent="EdgeColliders"]
transform = Transform3D(-0.999593, 0, -0.0285497, 0, 1, 0, 0.0285499, 0, -0.999593, 2.11924, 4, 75.8528)
shape = SubResource("BoxShape3D_duv4t")

[node name="CollisionShape3D26" type="CollisionShape3D" parent="EdgeColliders"]
transform = Transform3D(-0.987906, 0, -0.155055, 0, 1, 0, 0.155055, 0, -0.987906, 11.9698, 4, 74.9192)
shape = SubResource("BoxShape3D_duv4t")

[node name="CollisionShape3D27" type="CollisionShape3D" parent="EdgeColliders"]
transform = Transform3D(-0.958671, 0, -0.284517, 0, 1, 0, 0.284518, 0, -0.958671, 21.8412, 4, 72.5924)
shape = SubResource("BoxShape3D_duv4t")

[node name="CollisionShape3D28" type="CollisionShape3D" parent="EdgeColliders"]
transform = Transform3D(-0.909693, 0, -0.415281, 0, 1, 0, 0.415281, 0, -0.909693, 31.1981, 4, 68.9643)
shape = SubResource("BoxShape3D_duv4t")

[node name="CollisionShape3D29" type="CollisionShape3D" parent="EdgeColliders"]
transform = Transform3D(-0.853005, 0, -0.521903, 0, 1, 0, 0.521903, 0, -0.853005, 39.8621, 4, 64.3697)
shape = SubResource("BoxShape3D_duv4t")

[node name="CollisionShape3D30" type="CollisionShape3D" parent="EdgeColliders"]
transform = Transform3D(-0.770747, 0, -0.637142, 0, 1, 0, 0.637142, 0, -0.770747, 47.9538, 4, 58.5871)
shape = SubResource("BoxShape3D_duv4t")

[node name="CollisionShape3D31" type="CollisionShape3D" parent="EdgeColliders"]
transform = Transform3D(-0.695825, 0, -0.718211, 0, 1, 0, 0.718211, 0, -0.695825, 55.3011, 4, 51.7859)
shape = SubResource("BoxShape3D_duv4t")

[node name="CollisionShape3D32" type="CollisionShape3D" parent="EdgeColliders"]
transform = Transform3D(-0.564448, 0, -0.825468, 0, 1, 0, 0.825468, 0, -0.564449, 61.75, 4, 44.1762)
shape = SubResource("BoxShape3D_duv4t")

[node name="CollisionShape3D33" type="CollisionShape3D" parent="EdgeColliders"]
transform = Transform3D(-0.467251, 0, -0.884125, 0, 1, 0, 0.884125, 0, -0.467251, 66.7932, 4, 35.6151)
shape = SubResource("BoxShape3D_duv4t")

[node name="CollisionShape3D34" type="CollisionShape3D" parent="EdgeColliders"]
transform = Transform3D(-0.360143, 0, -0.932897, 0, 1, 0, 0.932897, 0, -0.360143, 70.96, 4, 26.6254)
shape = SubResource("BoxShape3D_duv4t")

[node name="CollisionShape3D35" type="CollisionShape3D" parent="EdgeColliders"]
transform = Transform3D(-0.223522, 0, -0.974699, 0, 1, 0, 0.974699, 0, -0.223522, 73.9329, 4, 17.1041)
shape = SubResource("BoxShape3D_duv4t")

[node name="CollisionShape3D36" type="CollisionShape3D" parent="EdgeColliders"]
transform = Transform3D(-0.0756051, 0, -0.997138, 0, 1, 0, 0.997138, 0, -0.0756054, 75.4373, 4, 7.18876)
shape = SubResource("BoxShape3D_duv4t")

[node name="CollisionShape3D37" type="CollisionShape3D" parent="EdgeColliders"]
transform = Transform3D(0.0303992, 0, -0.999538, 0, 1, 0, 0.999538, 0, 0.0303988, 75.6583, 4, -3.12486)
shape = SubResource("BoxShape3D_duv4t")

[node name="CollisionShape3D38" type="CollisionShape3D" parent="EdgeColliders"]
transform = Transform3D(0.17815, 0, -0.984003, 0, 1, 0, 0.984003, 0, 0.178149, 74.5986, 4, -13.0493)
shape = SubResource("BoxShape3D_duv4t")

[node name="CollisionShape3D39" type="CollisionShape3D" parent="EdgeColliders"]
transform = Transform3D(0.281119, 0, -0.959673, 0, 1, 0, 0.959673, 0, 0.281119, 72.2683, 4, -22.6858)
shape = SubResource("BoxShape3D_duv4t")

[node name="CollisionShape3D40" type="CollisionShape3D" parent="EdgeColliders"]
transform = Transform3D(0.435121, 0, -0.900372, 0, 1, 0, 0.900372, 0, 0.435121, 68.7674, 4, -32.0346)
shape = SubResource("BoxShape3D_duv4t")

[node name="CollisionShape3D41" type="CollisionShape3D" parent="EdgeColliders"]
transform = Transform3D(0.543966, 0, -0.839108, 0, 1, 0, 0.839107, 0, 0.543965, 63.8528, 4, -40.7121)
shape = SubResource("BoxShape3D_duv4t")

[node name="CollisionShape3D42" type="CollisionShape3D" parent="EdgeColliders"]
transform = Transform3D(0.636644, 0, -0.771158, 0, 1, 0, 0.771158, 0, 0.636643, 58.0601, 4, -48.723)
shape = SubResource("BoxShape3D_duv4t")

[node name="CollisionShape3D43" type="CollisionShape3D" parent="EdgeColliders"]
transform = Transform3D(0.721108, 0, -0.692823, 0, 1, 0, 0.692823, 0, 0.721107, 51.233, 4, -55.851)
shape = SubResource("BoxShape3D_duv4t")

[node name="CollisionShape3D44" type="CollisionShape3D" parent="EdgeColliders"]
transform = Transform3D(0.816299, 0, -0.57763, 0, 1, 0, 0.577629, 0, 0.816299, 43.6626, 4, -62.0407)
shape = SubResource("BoxShape3D_duv4t")

[node name="CollisionShape3D45" type="CollisionShape3D" parent="EdgeColliders"]
transform = Transform3D(0.897158, 0, -0.44171, 0, 1, 0, 0.441709, 0, 0.897158, 35.2391, 4, -66.9926)
shape = SubResource("BoxShape3D_duv4t")

[node name="CollisionShape3D46" type="CollisionShape3D" parent="EdgeColliders"]
transform = Transform3D(0.930315, 0, -0.366761, 0, 1, 0, 0.366761, 0, 0.930315, 26.2344, 4, -71.0171)
shape = SubResource("BoxShape3D_duv4t")

[node name="CollisionShape3D47" type="CollisionShape3D" parent="EdgeColliders"]
transform = Transform3D(0.975699, 0, -0.219114, 0, 1, 0, 0.219114, 0, 0.975699, 16.8757, 4, -73.9456)
shape = SubResource("BoxShape3D_duv4t")

[node name="CollisionShape3D48" type="CollisionShape3D" parent="EdgeColliders"]
transform = Transform3D(0.99918, 0, -0.0404808, 0, 1, 0, 0.0404802, 0, 0.99918, 8.3157, 4, -75.1925)
shape = SubResource("BoxShape3D_duv4t")

[node name="grASS" type="Node" parent="."]

[node name="grass4" parent="grASS" instance=ExtResource("9_huojr")]
transform = Transform3D(0.499998, -0.000698845, 0.00121706, 0.000697889, 0.499999, 0.000393595, -0.00121761, -0.000391894, 0.499998, -0.0845692, 0.893174, -0.112747)

[node name="grass5" parent="grASS" instance=ExtResource("10_62njo")]
transform = Transform3D(0.5, 0, 0, 0, 0.5, 0, 0, 0, 0.5, -13.9329, 0.690628, -75.1553)

[node name="grass9" parent="grASS" instance=ExtResource("10_62njo")]
transform = Transform3D(0.5, 0, 0, 0, 0.5, 0, 0, 0, 0.5, 13.5918, 0.729885, -74.5363)

[node name="grass8" parent="grASS" instance=ExtResource("10_62njo")]
transform = Transform3D(0.5, 0, 0, 0, 0.5, 0, 0, 0, 0.5, -33.2069, 0.670575, -60.9106)

[node name="grass7" parent="grASS" instance=ExtResource("10_62njo")]
transform = Transform3D(0.5, 0, 0, 0, 0.5, 0, 0, 0, 0.5, 6.27026, 0.71803, -70.7624)

[node name="grass6" parent="grASS" instance=ExtResource("11_s4tt8")]
transform = Transform3D(0.499998, -0.000698846, 0.00121706, 0.00069789, 0.499999, 0.000393595, -0.00121761, -0.000391894, 0.499998, -3.27757, 0.704267, -72.3573)

[node name="grass10" parent="grASS" instance=ExtResource("9_huojr")]
transform = Transform3D(0.499998, -0.000698845, 0.00121706, 0.000697889, 0.499999, 0.000393595, -0.00121761, -0.000391894, 0.499998, -0.0845692, 0.893174, -0.112747)

[node name="grass11" parent="grASS" instance=ExtResource("10_62njo")]
transform = Transform3D(0.5, 0, 0, 0, 0.5, 0, 0, 0, 0.5, -19.825, 0.684156, -67.4465)

[node name="grass12" parent="grASS" instance=ExtResource("10_62njo")]
transform = Transform3D(0.5, 0, 0, 0, 0.5, 0, 0, 0, 0.5, 7.71467, 0.722977, -75.9137)

[node name="grass13" parent="grASS" instance=ExtResource("10_62njo")]
transform = Transform3D(0.5, 0, 0, 0, 0.5, 0, 0, 0, 0.5, -38.9089, 0.664687, -58.2547)

[node name="grass14" parent="grASS" instance=ExtResource("10_62njo")]
transform = Transform3D(0.5, 0, 0, 0, 0.5, 0, 0, 0, 0.5, 0.351028, 0.711186, -68.9393)

[node name="grass15" parent="grASS" instance=ExtResource("11_s4tt8")]
transform = Transform3D(0.499998, -0.000698846, 0.00121706, 0.00069789, 0.499999, 0.000393595, -0.00121761, -0.000391894, 0.499998, -9.20601, 0.697568, -69.2735)

[node name="grass16" parent="grASS" instance=ExtResource("9_huojr")]
transform = Transform3D(0.499998, -0.000698845, 0.00121706, 0.000697889, 0.499999, 0.000393595, -0.00121761, -0.000391894, 0.499998, -0.0845692, 0.893174, -0.112747)

[node name="grass17" parent="grASS" instance=ExtResource("10_62njo")]
transform = Transform3D(0.5, 0, 0, 0, 0.5, 0, 0, 0, 0.5, 40.7667, 0.774049, -60.8061)

[node name="grass18" parent="grASS" instance=ExtResource("10_62njo")]
transform = Transform3D(0.5, 0, 0, 0, 0.5, 0, 0, 0, 0.5, 64.0465, 0.816395, -41.108)

[node name="grass19" parent="grASS" instance=ExtResource("10_62njo")]
transform = Transform3D(0.5, 0, 0, 0, 0.5, 0, 0, 0, 0.5, 20.7465, 0.740644, -67.7254)

[node name="grass20" parent="grASS" instance=ExtResource("10_62njo")]
transform = Transform3D(0.5, 0, 0, 0, 0.5, 0, 0, 0, 0.5, 56.1386, 0.805844, -47.6529)

[node name="grass21" parent="grASS" instance=ExtResource("11_s4tt8")]
transform = Transform3D(0.499998, -0.000698846, 0.00121706, 0.00069789, 0.499999, 0.000393595, -0.00121761, -0.000391894, 0.499998, 49.5908, 0.791231, -54.6224)

[node name="grass22" parent="grASS" instance=ExtResource("9_huojr")]
transform = Transform3D(0.499998, -0.000698845, 0.00121706, 0.000697889, 0.499999, 0.000393595, -0.00121761, -0.000391894, 0.499998, -0.0845692, 0.893174, -0.112747)

[node name="grass23" parent="grASS" instance=ExtResource("10_62njo")]
transform = Transform3D(0.5, 0, 0, 0, 0.5, 0, 0, 0, 0.5, 34.9468, 0.76401, -63.2371)

[node name="grass24" parent="grASS" instance=ExtResource("10_62njo")]
transform = Transform3D(0.5, 0, 0, 0, 0.5, 0, 0, 0, 0.5, 54.61, 0.806609, -43.9505)

[node name="grass25" parent="grASS" instance=ExtResource("10_62njo")]
transform = Transform3D(0.5, 0, 0, 0, 0.5, 0, 0, 0, 0.5, 14.7847, 0.730739, -69.7314)

[node name="grass26" parent="grASS" instance=ExtResource("10_62njo")]
transform = Transform3D(0.5, 0, 0, 0, 0.5, 0, 0, 0, 0.5, 50.5935, 0.795931, -50.412)

[node name="grass27" parent="grASS" instance=ExtResource("11_s4tt8")]
transform = Transform3D(0.499998, -0.000698846, 0.00121706, 0.00069789, 0.499999, 0.000393595, -0.00121761, -0.000391894, 0.499998, 48.5216, 0.781224, -60.0367)

[node name="grass28" parent="grASS" instance=ExtResource("9_huojr")]
transform = Transform3D(0.5, -0.000697871, 5.28819e-12, 0.00069787, 0.499999, 0.000393595, -5.49362e-07, -0.000393594, 0.5, -0.0845692, 0.893174, -0.112747)

[node name="grass29" parent="grASS" instance=ExtResource("10_62njo")]
transform = Transform3D(0.5, 0, 0, 0, 0.5, 0, 0, 0, 0.5, -74.7529, 0.690628, 11.5497)

[node name="grass30" parent="grASS" instance=ExtResource("10_62njo")]
transform = Transform3D(0.5, 0, 0, 0, 0.5, 0, 0, 0, 0.5, -70.729, 0.729885, -15.8707)

[node name="grass31" parent="grASS" instance=ExtResource("10_62njo")]
transform = Transform3D(0.5, 0, 0, 0, 0.5, 0, 0, 0, 0.5, -71.3335, 0.670575, 31.3002)

[node name="grass32" parent="grASS" instance=ExtResource("10_62njo")]
transform = Transform3D(0.5, 0, 0, 0, 0.5, 0, 0, 0, 0.5, -77.6777, 0.71803, -8.68126)

[node name="grass33" parent="grASS" instance=ExtResource("11_s4tt8")]
transform = Transform3D(0.5, -0.000697885, 1.17762e-12, 0.000697884, 0.499999, 0.000393595, -5.49369e-07, -0.000393594, 0.5, -76.9305, 0.704267, 0.81949)

[node name="grass34" parent="grASS" instance=ExtResource("9_huojr")]
transform = Transform3D(0.5, -0.000697871, 5.28819e-12, 0.00069787, 0.499999, 0.000393595, -5.49362e-07, -0.000393594, 0.5, -0.0845692, 0.893174, -0.112747)

[node name="grass35" parent="grASS" instance=ExtResource("10_62njo")]
transform = Transform3D(0.5, 0, 0, 0, 0.5, 0, 0, 0, 0.5, -71.4187, 0.684156, 17.5623)

[node name="grass36" parent="grASS" instance=ExtResource("10_62njo")]
transform = Transform3D(0.5, 0, 0, 0, 0.5, 0, 0, 0, 0.5, -69.4044, 0.722977, -9.90688)

[node name="grass37" parent="grASS" instance=ExtResource("10_62njo")]
transform = Transform3D(0.5, 0, 0, 0, 0.5, 0, 0, 0, 0.5, -63.3475, 0.664687, 37.1465)

[node name="grass38" parent="grASS" instance=ExtResource("10_62njo")]
transform = Transform3D(0.5, 0, 0, 0, 0.5, 0, 0, 0, 0.5, -71.7406, 0.711186, -2.66639)

[node name="grass39" parent="grASS" instance=ExtResource("11_s4tt8")]
transform = Transform3D(0.5, -0.000697885, 1.17762e-12, 0.000697884, 0.499999, 0.000393595, -5.49369e-07, -0.000393594, 0.5, -72.6277, 0.697568, 6.85526)

[node name="grass40" parent="grASS" instance=ExtResource("9_huojr")]
transform = Transform3D(0.5, -0.000697871, 5.28819e-12, 0.00069787, 0.499999, 0.000393595, -5.49362e-07, -0.000393594, 0.5, -0.0845692, 0.893174, -0.112747)

[node name="grass41" parent="grASS" instance=ExtResource("10_62njo")]
transform = Transform3D(0.5, 0, 0, 0, 0.5, 0, 0, 0, 0.5, -64.541, 0.774049, -42.5432)

[node name="grass42" parent="grASS" instance=ExtResource("10_62njo")]
transform = Transform3D(0.5, 0, 0, 0, 0.5, 0, 0, 0, 0.5, -40.5005, 0.816395, -65.354)

[node name="grass43" parent="grASS" instance=ExtResource("10_62njo")]
transform = Transform3D(0.5, 0, 0, 0, 0.5, 0, 0, 0, 0.5, -73.5598, 0.740644, -22.9573)

[node name="grass44" parent="grASS" instance=ExtResource("10_62njo")]
transform = Transform3D(0.5, 0, 0, 0, 0.5, 0, 0, 0, 0.5, -47.2591, 0.805844, -57.1276)

[node name="grass45" parent="grASS" instance=ExtResource("11_s4tt8")]
transform = Transform3D(0.5, -0.000697885, 1.17762e-12, 0.000697884, 0.499999, 0.000393595, -5.49369e-07, -0.000393594, 0.5, -55.9655, 0.791231, -50.9943)

[node name="grass46" parent="grASS" instance=ExtResource("9_huojr")]
transform = Transform3D(0.5, -0.000697871, 5.28819e-12, 0.00069787, 0.499999, 0.000393595, -5.49362e-07, -0.000393594, 0.5, -0.0845692, 0.893174, -0.112747)

[node name="grass47" parent="grASS" instance=ExtResource("10_62njo")]
transform = Transform3D(0.5, 0, 0, 0, 0.5, 0, 0, 0, 0.5, -64.0444, 0.76401, -36.8738)

[node name="grass48" parent="grASS" instance=ExtResource("10_62njo")]
transform = Transform3D(0.5, 0, 0, 0, 0.5, 0, 0, 0, 0.5, -43.6515, 0.806609, -55.3871)

[node name="grass49" parent="grASS" instance=ExtResource("10_62njo")]
transform = Transform3D(0.5, 0, 0, 0, 0.5, 0, 0, 0, 0.5, -71.6954, 0.730739, -17.1217)

[node name="grass50" parent="grASS" instance=ExtResource("10_62njo")]
transform = Transform3D(0.5, 0, 0, 0, 0.5, 0, 0, 0, 0.5, -50.3347, 0.795931, -51.7515)

[node name="grass51" parent="grASS" instance=ExtResource("11_s4tt8")]
transform = Transform3D(0.5, -0.000697885, 1.17762e-12, 0.000697884, 0.499999, 0.000393595, -5.49369e-07, -0.000393594, 0.5, -57.5403, 0.781224, -45.4645)

[node name="grass52" parent="grASS" instance=ExtResource("9_huojr")]
transform = Transform3D(0.5, -0.000697871, 5.28819e-12, 0.00069787, 0.499999, 0.000393595, -5.49362e-07, -0.000393594, 0.5, -0.0845692, 0.893174, -0.112747)

[node name="grass53" parent="grASS" instance=ExtResource("10_62njo")]
transform = Transform3D(0.5, 0, 0, 0, 0.5, 0, 0, 0, 0.5, 14.4222, 0.690628, 72.2305)

[node name="grass54" parent="grASS" instance=ExtResource("10_62njo")]
transform = Transform3D(0.5, 0, 0, 0, 0.5, 0, 0, 0, 0.5, -13.1039, 0.729885, 71.2688)

[node name="grass55" parent="grASS" instance=ExtResource("10_62njo")]
transform = Transform3D(0.5, 0, 0, 0, 0.5, 0, 0, 0, 0.5, 33.6832, 0.670575, 68.8735)

[node name="grass56" parent="grASS" instance=ExtResource("10_62njo")]
transform = Transform3D(0.5, 0, 0, 0, 0.5, 0, 0, 0, 0.5, -5.77935, 0.71803, 73.3262)

[node name="grass57" parent="grASS" instance=ExtResource("11_s4tt8")]
transform = Transform3D(0.5, -0.000697885, 1.17762e-12, 0.000697884, 0.499999, 0.000393595, -5.49369e-07, -0.000393594, 0.5, 3.76927, 0.704267, 73.8484)

[node name="grass58" parent="grASS" instance=ExtResource("9_huojr")]
transform = Transform3D(0.5, -0.000697871, 5.28819e-12, 0.00069787, 0.499999, 0.000393595, -5.49362e-07, -0.000393594, 0.5, -0.0845692, 0.893174, -0.112747)

[node name="grass59" parent="grASS" instance=ExtResource("10_62njo")]
transform = Transform3D(0.5, 0, 0, 0, 0.5, 0, 0, 0, 0.5, 20.311, 0.684156, 69.9716)

[node name="grass60" parent="grASS" instance=ExtResource("10_62njo")]
transform = Transform3D(0.5, 0, 0, 0, 0.5, 0, 0, 0, 0.5, -7.2293, 0.722977, 69.5923)

[node name="grass61" parent="grASS" instance=ExtResource("10_62njo")]
transform = Transform3D(0.5, 0, 0, 0, 0.5, 0, 0, 0, 0.5, 39.3813, 0.664687, 60.7515)

[node name="grass62" parent="grASS" instance=ExtResource("10_62njo")]
transform = Transform3D(0.5, 0, 0, 0, 0.5, 0, 0, 0, 0.5, 0.137171, 0.711186, 71.4944)

[node name="grass63" parent="grASS" instance=ExtResource("11_s4tt8")]
transform = Transform3D(0.5, -0.000697885, 1.17762e-12, 0.000697884, 0.499999, 0.000393595, -5.49369e-07, -0.000393594, 0.5, 9.69469, 0.697568, 75.9156)

[node name="grass64" parent="grASS" instance=ExtResource("9_huojr")]
transform = Transform3D(0.5, -0.000697871, 5.28819e-12, 0.00069787, 0.499999, 0.000393595, -5.49362e-07, -0.000393594, 0.5, -0.0845692, 0.893174, -0.112747)

[node name="grass65" parent="grASS" instance=ExtResource("10_62njo")]
transform = Transform3D(0.5, 0, 0, 0, 0.5, 0, 0, 0, 0.5, -41.4709, 0.774049, 63.4211)

[node name="grass66" parent="grASS" instance=ExtResource("10_62njo")]
transform = Transform3D(0.5, 0, 0, 0, 0.5, 0, 0, 0, 0.5, -59.5705, 0.816395, 43.7515)

[node name="grass67" parent="grASS" instance=ExtResource("10_62njo")]
transform = Transform3D(0.5, 0, 0, 0, 0.5, 0, 0, 0, 0.5, -20.2601, 0.740644, 70.3107)

[node name="grass68" parent="grASS" instance=ExtResource("10_62njo")]
transform = Transform3D(0.5, 0, 0, 0, 0.5, 0, 0, 0, 0.5, -55.6819, 0.805844, 50.2907)

[node name="grass69" parent="grASS" instance=ExtResource("11_s4tt8")]
transform = Transform3D(0.5, -0.000697885, 1.17762e-12, 0.000697884, 0.499999, 0.000393595, -5.49369e-07, -0.000393594, 0.5, -49.1237, 0.791231, 57.2505)

[node name="grass70" parent="grASS" instance=ExtResource("9_huojr")]
transform = Transform3D(0.5, -0.000697871, 5.28819e-12, 0.00069787, 0.499999, 0.000393595, -5.49362e-07, -0.000393594, 0.5, -0.0845692, 0.893174, -0.112747)

[node name="grass71" parent="grASS" instance=ExtResource("10_62njo")]
transform = Transform3D(0.5, 0, 0, 0, 0.5, 0, 0, 0, 0.5, -34.467, 0.76401, 65.8434)

[node name="grass72" parent="grASS" instance=ExtResource("10_62njo")]
transform = Transform3D(0.5, 0, 0, 0, 0.5, 0, 0, 0, 0.5, -54.1588, 0.806609, 46.5861)

[node name="grass73" parent="grASS" instance=ExtResource("10_62njo")]
transform = Transform3D(0.5, 0, 0, 0, 0.5, 0, 0, 0, 0.5, -14.2953, 0.730739, 72.3079)

[node name="grass74" parent="grASS" instance=ExtResource("10_62njo")]
transform = Transform3D(0.5, 0, 0, 0, 0.5, 0, 0, 0, 0.5, -50.1327, 0.795931, 53.0416)

[node name="grass75" parent="grASS" instance=ExtResource("11_s4tt8")]
transform = Transform3D(0.5, -0.000697885, 1.17762e-12, 0.000697884, 0.499999, 0.000393595, -5.49369e-07, -0.000393594, 0.5, -43.4288, 0.781224, 59.8611)

[node name="grass76" parent="grASS" instance=ExtResource("9_huojr")]
transform = Transform3D(0.5, -0.000697871, 5.28819e-12, 0.00069787, 0.499999, 0.000393595, -5.49362e-07, -0.000393594, 0.5, -0.0845692, 0.893174, -0.112747)

[node name="grass77" parent="grASS" instance=ExtResource("10_62njo")]
transform = Transform3D(0.5, 0, 0, 0, 0.5, 0, 0, 0, 0.5, 73.6926, 0.690628, -9.10384)

[node name="grass78" parent="grASS" instance=ExtResource("10_62njo")]
transform = Transform3D(0.5, 0, 0, 0, 0.5, 0, 0, 0, 0.5, 75.012, 0.729885, 18.3204)

[node name="grass79" parent="grASS" instance=ExtResource("10_62njo")]
transform = Transform3D(0.5, 0, 0, 0, 0.5, 0, 0, 0, 0.5, 66.0081, 0.670575, -28.843)

[node name="grass80" parent="grASS" instance=ExtResource("10_62njo")]
transform = Transform3D(0.5, 0, 0, 0, 0.5, 0, 0, 0, 0.5, 73.6165, 0.71803, 11.1272)

[node name="grass81" parent="grASS" instance=ExtResource("11_s4tt8")]
transform = Transform3D(0.5, -0.000697885, 1.17749e-12, 0.000697884, 0.499999, 0.000393595, -5.49369e-07, -0.000393594, 0.5, 74.6908, 0.704267, 1.62486)

[node name="grass82" parent="grASS" instance=ExtResource("9_huojr")]
transform = Transform3D(0.5, -0.000697871, 5.28819e-12, 0.00069787, 0.499999, 0.000393595, -5.49362e-07, -0.000393594, 0.5, -0.0845692, 0.893174, -0.112747)

[node name="grass83" parent="grASS" instance=ExtResource("10_62njo")]
transform = Transform3D(0.5, 0, 0, 0, 0.5, 0, 0, 0, 0.5, 71.7785, 0.684156, -15.1136)

[node name="grass84" parent="grASS" instance=ExtResource("10_62njo")]
transform = Transform3D(0.5, 0, 0, 0, 0.5, 0, 0, 0, 0.5, 69.8049, 0.722977, 12.3585)

[node name="grass85" parent="grASS" instance=ExtResource("10_62njo")]
transform = Transform3D(0.5, 0, 0, 0, 0.5, 0, 0, 0, 0.5, 63.6782, 0.664687, -34.6858)

[node name="grass86" parent="grASS" instance=ExtResource("10_62njo")]
